0
8.25
9.25
9.875
10.625
11.25
11.875
12.25
13.25
13.875
14.625
15.25
15.75
16.25
17.125
17.75
18.125
19.125
19.75
20.25
21.125
21.875
22.125
23.125
23.75
24.125
25.125
25.75
26.125
27
27.625
28.125
28.625
29.125
29.75
30.125
31
31.625
32.125
32.625
33.125
33.625
34
35
35.5
36
36.5
37
37.625
38
39
40.125
40.5
41.125
41.5
42
43
44.125
44.5
45.125
45.5
46.125
47
47.5
48
48.5
49
49.5
49.875
51
52
52.5
53
53.375
53.875
54.875
56
56.375
57
57.375
57.875
58.75
59.375
59.875
60.375
60.875
61.25
61.75
62.75
63.25
63.875
64.25
64.75
65.25
65.75
66.875
67.875
68.25
68.875
69.25
69.75
70.75
71.75
72.25
72.875
73.25
73.875
74.625
75.625
76.125
76.625
77.125
77.625
78.625
79.125
79.625
80.125
80.625
81.125
81.625
82.625
83.75
84.125
84.625
85.125
85.625
86.5
87
87.625
88
88.5
89
89.5
90.5
91.5
92.5
93
93.5
94.5
95
95.5
96.375
97.5
98.5
99.5
100.5
101.5
102.375
103
103.5
104.5
105.625
106.625
107
107.5
108.5
109.375
110.25
110.875
111.25
111.875
112.25
112.875
113.25
114.25
115.25
115.875
116.25
116.875
117.25
118.25
118.875
119.25
119.875
120.25
120.875
121.25
122.125
123.125
123.625
124.125
124.625
125.125
126
127
128
128.625
129.125
130.125
130.625
131.25
131.75
132.25
132.75
133.125
134.125
134.625
135.125
135.625
136.125
136.625
137.125
138
139
139.125
139.625
140.125
140.625
141
142
142.625
143.125
143.625
144.125
144.625
145
146
147
147.5
148
148.375
148.875
149.875
150.5
151
151.5
151.875
152.375
152.875
153.75
154.375
154.875
155.25
155.875
156.375
156.875
157.75
158.25
158.875
159.875
160.875
161.375
161.875